YEAR;Month;C mol/m²;N mol/m²;Ca mol/m²;Mg mol/m²;K mol/m²;S mol/m²;P mol/m²;C mmol/m²/month;N mmol/m²/month;Ca mmol/m²/month;Mg mmol/m²/month;K mmol/m²/month;S mmol/m²/month;P mmol/m²/month;MB C mol/m²;MB N mol/m²;MB Ca mol/m²;MB Mg mol/m²;MB K mol/m²;MB S mol/m²;MB P mol/m²;
        2005;           1;    201.9417877;     10.2332344;      0.0000000;      0.0000000;      0.0000000;      0.0000000;      0.4840340;     43.5327797;      0.0000000;      0.0000000;      0.0000000;      0.0000000;      0.0000000;      0.1035827;      9.5320435;      0.4826357;      0.0000000;      0.0000000;      0.0000000;      0.0000000;      0.0228135
        2005;           2;    202.8491211;     10.2810650;      0.0000000;      0.0000000;      0.0000000;      0.0000000;      0.4862013;     47.5892715;      0.0000000;      0.0000000;      0.0000000;      0.0000000;      0.0000000;      0.1132338;      8.5943937;      0.4348216;      0.0000000;      0.0000000;      0.0000000;      0.0000000;      0.0205329
        2005;           3;    203.6222992;     10.3237343;      0.0000000;      0.0000000;      0.0000000;      0.0000000;      0.4880402;     89.5393143;      0.0000000;      0.0000000;      0.0000000;      0.0000000;      0.0000000;      0.2130465;      7.7644939;      0.3921973;      0.0000000;      0.0000000;      0.0000000;      0.0000000;      0.0184811
        2005;           4;    204.3102264;     10.3619585;      0.0000000;      0.0000000;      0.0000000;      0.0000000;      0.4896683;     91.8904877;      0.0000000;      0.0000000;      0.0000000;      0.0000000;      0.0000000;      0.2186343;      7.0183182;      0.3524008;      0.0000000;      0.0000000;      0.0000000;      0.0000000;      0.0166345
        2005;           5;    205.0120850;     10.3968410;      0.0000000;      0.0000000;      0.0000000;      0.0000000;      0.4913315;      0.0667477;      0.0000000;      0.0000000;      0.0000000;      0.0000000;      0.0000000;      0.0001588;      6.3172326;      0.3139536;      0.0000000;      0.0000000;      0.0000000;      0.0000000;      0.0149711
        2005;           6;    205.5352478;     10.4269800;      0.0000000;      0.0000000;      0.0000000;      0.0000000;      0.4925588;    112.6858597;      0.0000000;      0.0000000;      0.0000000;      0.0000000;      0.0000000;      0.2680907;      5.7226324;      0.2815340;      0.0000000;      0.0000000;      0.0000001;      0.0000000;      0.0134758
        2005;           7;    206.1076660;     10.4549055;      0.0000000;      0.0000000;      0.0000000;      0.0000000;      0.4939064;      0.0000000;      0.0000000;      0.0000000;      0.0000000;      0.0000000;      0.0000000;      0.0000000;      5.1517453;      0.2513276;      0.0000000;      0.0000000;      0.0000001;      0.0000000;      0.0121282
        2005;           8;    206.6229858;     10.4798384;      0.0000000;      0.0000000;      0.0000000;      0.0000000;      0.4951192;      0.0000000;      0.0000000;      0.0000000;      0.0000000;      0.0000000;      0.0000000;      0.0000000;      4.6378098;      0.2243986;      0.0000000;      0.0000000;      0.0000001;      0.0000000;      0.0109154
        2005;           9;    207.0868835;     10.5020933;      0.0000000;      0.0000000;      0.0000000;      0.0000000;      0.4962108;      0.0000000;      0.0000000;      0.0000000;      0.0000000;      0.0000000;      0.0000000;      0.0000000;      4.1751437;      0.2002907;      0.0000000;      0.0000000;      0.0000001;      0.0000000;      0.0098239
        2005;          10;    207.4169617;     10.5212860;      0.0000000;      0.0000000;      0.0000001;      0.0000000;      0.4969757;     90.8331451;      0.0000000;      0.0000000;      0.0000000;      0.0000000;      0.0000000;      0.2160601;      3.7882392;      0.1810266;      0.0000000;      0.0000000;      0.0000001;      0.0000000;      0.0088430
        2005;          11;    207.7476349;     10.5389547;      0.0000000;      0.0000000;      0.0000001;      0.0000000;      0.4977391;     50.4879379;      0.0000000;      0.0000000;      0.0000000;      0.0000000;      0.0000000;      0.1200867;      3.4304368;      0.1636280;      0.0000000;      0.0000000;      0.0000001;      0.0000000;      0.0079598
        2005;          12;    208.0558472;     10.5549917;      0.0000000;      0.0000000;      0.0000001;      0.0000000;      0.4984484;     36.2025375;      0.0000000;      0.0000000;      0.0000000;      0.0000000;      0.0000000;      0.0861035;      3.0998304;      0.1476346;      0.0000000;      0.0000000;      0.0000001;      0.0000000;      0.0071644
        2006;           1;    208.3146362;     10.5692730;      0.0000000;      0.0000000;      0.0000001;      0.0000000;      0.4990376;     53.1684113;      0.0000000;      0.0000000;      0.0000000;      0.0000000;      0.0000000;      0.1264474;      2.8075294;      0.1333900;      0.0000000;      0.0000000;      0.0000001;      0.0000000;      0.0064489
        2006;           2;    208.5554199;     10.5822353;      0.0000000;      0.0000000;      0.0000001;      0.0000000;      0.4995832;     41.4703598;      0.0000000;      0.0000000;      0.0000000;      0.0000000;      0.0000000;      0.0986205;      2.5403676;      0.1204427;      0.0000000;      0.0000000;      0.0000001;      0.0000000;      0.0058047
        2006;           3;    208.7566833;     10.5937815;      0.0000000;      0.0000000;      0.0000001;      0.0000000;      0.5000324;     54.8121719;      0.0000000;      0.0000000;      0.0000000;      0.0000000;      0.0000000;      0.1303404;      2.3046050;      0.1089227;      0.0000000;      0.0000000;      0.0000001;      0.0000000;      0.0052251
        2006;           4;    208.8986969;     10.6036644;      0.0000000;      0.0000000;      0.0000001;      0.0000000;      0.5003353;     91.7851715;      0.0000000;      0.0000000;      0.0000000;      0.0000000;      0.0000000;      0.2182457;      2.1042218;      0.0973343;      0.0000000;      0.0000000;      0.0000001;      0.0000000;      0.0047041
        2006;           5;    209.1004791;     10.6129436;      0.0000000;      0.0000000;      0.0000001;      0.0000000;      0.5007840;      9.0464659;      0.0000000;      0.0000000;      0.0000000;      0.0000000;      0.0000000;      0.0215090;      1.8974520;      0.0843368;      0.0000000;      0.0000000;      0.0000001;      0.0000000;      0.0042338
        2006;           6;    209.1065979;     10.6193991;      0.0000000;      0.0000000;      0.0000002;      0.0000000;      0.5007514;    190.5091095;      0.0000000;      0.0000000;      0.0000000;      0.0000000;      0.0000000;      0.4529248;      1.7696604;      0.0755016;      0.0000000;      0.0000000;      0.0000001;      0.0000000;      0.0038135
        2006;           7;    209.2837219;     10.6267109;      0.0000000;      0.0000000;      0.0000002;      0.0000000;      0.5011328;      0.0000000;      0.0000000;      0.0000000;      0.0000000;      0.0000000;      0.0000000;      0.0000000;      1.5941786;      0.0658095;      0.0000000;      0.0000000;      0.0000001;      0.0000000;      0.0034322
        2006;           8;    209.4432831;     10.6330833;      0.0000000;      0.0000000;      0.0000002;      0.0000000;      0.5014760;      0.0000000;      0.0000000;      0.0000000;      0.0000000;      0.0000000;      0.0000000;      0.0000000;      1.4360965;      0.0573544;      0.0000000;      0.0000000;      0.0000001;      0.0000000;      0.0030890
        2006;           9;    209.5870209;     10.6386251;      0.0000000;      0.0000000;      0.0000002;      0.0000000;      0.5017849;      0.0000000;      0.0000000;      0.0000000;      0.0000000;      0.0000000;      0.0000000;      0.0000000;      1.2936891;      0.0498786;      0.0000000;      0.0000000;      0.0000001;      0.0000000;      0.0027801
        2006;          10;    209.6450806;     10.6429281;      0.0000000;      0.0000000;      0.0000002;      0.0000000;      0.5018855;     74.1399765;      0.0000000;      0.0000000;      0.0000000;      0.0000000;      0.0000000;      0.1762055;      1.1898110;      0.0455012;      0.0000000;      0.0000000;      0.0000001;      0.0000000;      0.0025033
        2006;          11;    209.7042389;     10.6469345;      0.0000000;      0.0000000;      0.0000002;      0.0000000;      0.5019861;     62.5992775;      0.0000000;      0.0000000;      0.0000000;      0.0000000;      0.0000000;      0.1487658;      1.0959060;      0.0417776;      0.0000000;      0.0000000;      0.0000002;      0.0000000;      0.0022543
        2006;          12;    209.7767944;     10.6507654;      0.0000000;      0.0000000;      0.0000002;      0.0000000;      0.5021195;     38.4974556;      0.0000000;      0.0000000;      0.0000000;      0.0000000;      0.0000000;      0.0914808;      0.9995429;      0.0379933;      0.0000000;      0.0000000;      0.0000002;      0.0000000;      0.0020295
        2007;           1;    209.8465424;     10.6542797;      0.0000000;      0.0000000;      0.0000003;      0.0000000;      0.5022474;     31.3650475;      0.0000000;      0.0000000;      0.0000000;      0.0000000;      0.0000000;      0.0745262;      0.9100751;      0.0344973;      0.0000000;      0.0000000;      0.0000002;      0.0000000;      0.0018271
        2007;           2;    209.8878021;     10.6572609;      0.0000000;      0.0000000;      0.0000003;      0.0000000;      0.5023066;     51.6568489;      0.0000000;      0.0000000;      0.0000000;      0.0000000;      0.0000000;      0.1227317;      0.8362022;      0.0315490;      0.0000000;      0.0000000;      0.0000001;      0.0000000;      0.0016452
        2007;           3;    209.8942413;     10.6596861;      0.0000000;      0.0000000;      0.0000003;      0.0000000;      0.5022796;     80.0931702;      0.0000000;      0.0000000;      0.0000000;      0.0000000;      0.0000000;      0.1902785;      0.7787522;      0.0291458;      0.0000000;      0.0000000;      0.0000001;      0.0000000;      0.0014820
        2007;           4;    209.8947144;     10.6616917;      0.0000000;      0.0000000;      0.0000003;      0.0000000;      0.5022356;     80.3710709;      0.0000000;      0.0000000;      0.0000000;      0.0000000;      0.0000000;      0.1909225;      0.7275017;      0.0253936;      0.0000000;      0.0000000;      0.0000001;      0.0000000;      0.0013351
        2007;           5;    209.9050293;     10.6632566;      0.0000000;      0.0000000;      0.0000003;      0.0000000;      0.5022141;     64.8218155;      0.0000000;      0.0000000;      0.0000000;      0.0000000;      0.0000000;      0.1539711;      0.6762492;      0.0200168;      0.0000000;      0.0000000;      0.0000001;      0.0000000;      0.0012026
        2007;           6;    209.9727478;     10.6650143;      0.0000000;      0.0000000;      0.0000003;      0.0000000;      0.5023344;      0.0000000;      0.0000000;      0.0000000;      0.0000000;      0.0000000;      0.0000000;      0.0000000;      0.6095123;      0.0158199;      0.0000000;      0.0000000;      0.0000001;      0.0000000;      0.0010824
        2007;           7;    210.0337830;     10.6663523;      0.0000000;      0.0000000;      0.0000004;      0.0000000;      0.5024427;      0.0000000;      0.0000000;      0.0000000;      0.0000000;      0.0000000;      0.0000000;      0.0000000;      0.5493603;      0.0120426;      0.0000000;      0.0000000;      0.0000001;      0.0000000;      0.0009741
        2007;           8;    210.0888062;     10.6673431;      0.0000000;      0.0000000;      0.0000004;      0.0000000;      0.5025401;      0.0000000;      0.0000000;      0.0000000;      0.0000000;      0.0000000;      0.0000000;      0.0000000;      0.4951435;      0.0089175;      0.0000000;      0.0000000;      0.0000001;      0.0000000;      0.0008767
        2007;           9;    210.1383972;     10.6680365;      0.0000000;      0.0000000;      0.0000004;      0.0000000;      0.5026277;      0.0000000;      0.0000000;      0.0000000;      0.0000000;      0.0000000;      0.0000000;      0.0000000;      0.4462765;      0.0062421;      0.0000000;      0.0000000;      0.0000001;      0.0000000;      0.0007891
        2007;          10;    210.0877075;     10.6677637;      0.0000000;      0.0000000;      0.0000004;      0.0000000;      0.5024699;     99.0587311;      0.0000000;      0.0000000;      0.0000000;      0.0000000;      0.0000000;      0.2352040;      0.4353551;      0.0066037;      0.0000000;      0.0000000;      0.0000001;      0.0000000;      0.0007118
        2007;          11;    210.0800018;     10.6679459;      0.0000000;      0.0000000;      0.0000004;      0.0000000;      0.5024137;     53.3120232;      0.0000000;      0.0000000;      0.0000000;      0.0000000;      0.0000000;      0.1265742;      0.4105385;      0.0065132;      0.0000000;      0.0000000;      0.0000001;      0.0000000;      0.0006416
        2007;          12;    210.0834198;     10.6682453;      0.0000000;      0.0000000;      0.0000004;      0.0000000;      0.5023843;     39.1604042;      0.0000000;      0.0000000;      0.0000000;      0.0000000;      0.0000000;      0.0929682;      0.3831871;      0.0062744;      0.0000000;      0.0000000;      0.0000001;      0.0000000;      0.0005781
        2008;           1;    210.0948944;     10.6686201;      0.0000000;      0.0000000;      0.0000004;      0.0000000;      0.5023755;     27.8864212;      0.0000000;      0.0000000;      0.0000000;      0.0000000;      0.0000000;      0.0661984;      0.3542846;      0.0059194;      0.0000000;      0.0000000;      0.0000001;      0.0000000;      0.0005208
        2008;           2;    210.0876923;     10.6688099;      0.0000000;      0.0000000;      0.0000005;      0.0000000;      0.5023218;     44.2493248;      0.0000000;      0.0000000;      0.0000000;      0.0000000;      0.0000000;      0.1050339;      0.3334749;      0.0057519;      0.0000000;      0.0000000;      0.0000001;      0.0000000;      0.0004694
        2008;           3;    210.0725403;     10.6689272;      0.0000000;      0.0000000;      0.0000005;      0.0000000;      0.5022485;     50.3555679;      0.0000000;      0.0000000;      0.0000000;      0.0000000;      0.0000000;      0.1195195;      0.3168544;      0.0056521;      0.0000000;      0.0000000;      0.0000001;      0.0000000;      0.0004233
        2008;           4;    210.0444641;     10.6687517;      0.0000000;      0.0000000;      0.0000005;      0.0000000;      0.5021425;     62.0457497;      0.0000000;      0.0000000;      0.0000000;      0.0000000;      0.0000000;      0.1472553;      0.3057103;      0.0040936;      0.0000000;      0.0000000;      0.0000001;      0.0000000;      0.0003820
        2008;           5;    210.0536346;     10.6685667;      0.0000000;      0.0000000;      0.0000005;      0.0000000;      0.5021277;     22.2125282;      0.0000000;      0.0000000;      0.0000000;      0.0000000;      0.0000000;      0.0527136;      0.2825026;      0.0003721;      0.0000000;      0.0000000;      0.0000001;      0.0000000;      0.0003442
        2008;           6;    209.9708099;     10.6673956;      0.0000000;      0.0000000;      0.0000005;      0.0000000;      0.5018867;    115.2958603;      0.0000000;      0.0000000;      0.0000000;      0.0000000;      0.0000000;      0.2735941;      0.2922101;      0.0000000;      0.0000000;      0.0000000;      0.0000001;      0.0000000;      0.0003116
        2008;           7;    210.0001373;     10.6673956;      0.0000000;      0.0000000;      0.0000005;      0.0000000;      0.5019179;      0.0000000;      0.0000000;      0.0000000;      0.0000000;      0.0000000;      0.0000000;      0.0000000;      0.2639810;      0.0000000;      0.0000000;      0.0000000;      0.0000001;      0.0000000;      0.0002805
        2008;           8;    210.0265045;     10.6673937;      0.0000000;      0.0000000;      0.0000005;      0.0000000;      0.5019456;      0.1694539;      0.0000000;      0.0000000;      0.0000000;      0.0000000;      0.0000000;      0.0004020;      0.2387604;      0.0000000;      0.0000000;      0.0000000;      0.0000001;      0.0000000;      0.0002524
        2008;           9;    210.0504913;     10.6673937;      0.0000000;      0.0000000;      0.0000005;      0.0000000;      0.5019708;      0.0000000;      0.0000000;      0.0000000;      0.0000000;      0.0000000;      0.0000000;      0.0000000;      0.2158960;      0.0000000;      0.0000000;      0.0000000;      0.0000001;      0.0000000;      0.0002272
        2008;          10;    209.9698486;     10.6664181;      0.0000000;      0.0000000;      0.0000006;      0.0000000;      0.5017398;    106.2698288;      0.0000000;      0.0000000;      0.0000000;      0.0000000;      0.0000000;      0.2521000;      0.2307243;      0.0009398;      0.0000000;      0.0000000;      0.0000001;      0.0000000;      0.0002063
        2008;          11;    209.9197845;     10.6658363;      0.0000000;      0.0000000;      0.0000006;      0.0000000;      0.5015783;     76.2739029;      0.0000000;      0.0000000;      0.0000000;      0.0000000;      0.0000000;      0.1809278;      0.2359027;      0.0017404;      0.0000000;      0.0000000;      0.0000002;      0.0000000;      0.0001871
        2008;          12;    209.9149475;     10.6657457;      0.0000000;      0.0000000;      0.0000006;      0.0000000;      0.5015264;     29.6129074;      0.0000000;      0.0000000;      0.0000000;      0.0000000;      0.0000000;      0.0702383;      0.2230870;      0.0018955;      0.0000000;      0.0000000;      0.0000002;      0.0000000;      0.0001689
        2009;           1;    209.9038391;     10.6656208;      0.0000000;      0.0000000;      0.0000006;      0.0000000;      0.5014603;     34.7336349;      0.0000000;      0.0000000;      0.0000000;      0.0000000;      0.0000000;      0.0823774;      0.2125402;      0.0020502;      0.0000000;      0.0000000;      0.0000002;      0.0000000;      0.0001526
        2009;           2;    209.8860931;     10.6654568;      0.0000000;      0.0000000;      0.0000006;      0.0000000;      0.5013789;     40.4982834;      0.0000000;      0.0000000;      0.0000000;      0.0000000;      0.0000000;      0.0960417;      0.2047233;      0.0022351;      0.0000000;      0.0000000;      0.0000001;      0.0000000;      0.0001380
        2009;           3;    209.8593292;     10.6652336;      0.0000000;      0.0000000;      0.0000006;      0.0000000;      0.5012755;     49.0778923;      0.0000000;      0.0000000;      0.0000000;      0.0000000;      0.0000000;      0.1163791;      0.2007241;      0.0024823;      0.0000000;      0.0000000;      0.0000001;      0.0000000;      0.0001250
        2009;           4;    209.8104401;     10.6646461;      0.0000000;      0.0000000;      0.0000007;      0.0000000;      0.5011172;     71.5765076;      0.0000000;      0.0000000;      0.0000000;      0.0000000;      0.0000000;      0.1697169;      0.2042107;      0.0012576;      0.0000000;      0.0000000;      0.0000001;      0.0000000;      0.0001137
        2009;           5;    209.6960754;     10.6632242;      0.0000000;      0.0000000;      0.0000007;      0.0000000;      0.5007947;    139.9091187;      0.0000000;      0.0000000;      0.0000000;      0.0000000;      0.0000000;      0.3317145;      0.2299106;      0.0000000;      0.0000000;      0.0000000;      0.0000001;      0.0000000;      0.0001046
        2009;           6;    209.7191467;     10.6632242;      0.0000000;      0.0000000;      0.0000007;      0.0000000;      0.5008052;      0.0000000;      0.0000000;      0.0000000;      0.0000000;      0.0000000;      0.0000000;      0.0000000;      0.2075881;      0.0000000;      0.0000000;      0.0000000;      0.0000001;      0.0000000;      0.0000942
        2009;           7;    209.7399750;     10.6632242;      0.0000000;      0.0000000;      0.0000007;      0.0000000;      0.5008146;      0.0000000;      0.0000000;      0.0000000;      0.0000000;      0.0000000;      0.0000000;      0.0000000;      0.1874310;      0.0000000;      0.0000000;      0.0000000;      0.0000001;      0.0000000;      0.0000848
        2009;           8;    209.7587738;     10.6632242;      0.0000000;      0.0000000;      0.0000007;      0.0000000;      0.5008231;      0.0000000;      0.0000000;      0.0000000;      0.0000000;      0.0000000;      0.0000000;      0.0000000;      0.1692294;      0.0000000;      0.0000000;      0.0000000;      0.0000001;      0.0000000;      0.0000763
        2009;           9;    209.7757568;     10.6632242;      0.0000000;      0.0000000;      0.0000007;      0.0000000;      0.5008307;      0.0000000;      0.0000000;      0.0000000;      0.0000000;      0.0000000;      0.0000000;      0.0000000;      0.1527939;      0.0000000;      0.0000000;      0.0000000;      0.0000001;      0.0000000;      0.0000687
        2009;          10;    209.6916351;     10.6622877;      0.0000000;      0.0000000;      0.0000007;      0.0000000;      0.5005912;    103.2913361;      0.0000000;      0.0000000;      0.0000000;      0.0000000;      0.0000000;      0.2447961;      0.1724228;      0.0010247;      0.0000000;      0.0000000;      0.0000001;      0.0000000;      0.0000635
        2009;          11;    209.6497803;     10.6618366;      0.0000000;      0.0000000;      0.0000008;      0.0000000;      0.5004509;     61.4761314;      0.0000000;      0.0000000;      0.0000000;      0.0000000;      0.0000000;      0.1456845;      0.1766244;      0.0015744;      0.0000000;      0.0000000;      0.0000001;      0.0000000;      0.0000583
        2009;          12;    209.6428833;     10.6617632;      0.0000000;      0.0000000;      0.0000008;      0.0000000;      0.5003958;     25.5519791;      0.0000000;      0.0000000;      0.0000000;      0.0000000;      0.0000000;      0.0605475;      0.1679043;      0.0016811;      0.0000000;      0.0000000;      0.0000001;      0.0000000;      0.0000529
        2010;           1;    209.5993347;     10.6613626;      0.0000000;      0.0000000;      0.0000008;      0.0000000;      0.5002517;     62.6593437;      0.0000000;      0.0000000;      0.0000000;      0.0000000;      0.0000000;      0.1484648;      0.1719687;      0.0021277;      0.0000000;      0.0000000;      0.0000001;      0.0000000;      0.0000486
        2010;           2;    209.5555115;     10.6609993;      0.0000000;      0.0000000;      0.0000008;      0.0000000;      0.5001055;     63.3619728;      0.0000000;      0.0000000;      0.0000000;      0.0000000;      0.0000000;      0.1501175;      0.1757314;      0.0025304;      0.0000000;      0.0000000;      0.0000001;      0.0000000;      0.0000448
        2010;           3;    209.5114288;     10.6606693;      0.0000000;      0.0000000;      0.0000008;      0.0000000;      0.4999573;     64.0362854;      0.0000000;      0.0000000;      0.0000000;      0.0000000;      0.0000000;      0.1517023;      0.1795607;      0.0028960;      0.0000000;      0.0000000;      0.0000001;      0.0000000;      0.0000414
        2010;           4;    209.4581909;     10.6601009;      0.0000000;      0.0000000;      0.0000008;      0.0000000;      0.4997851;     73.9360046;      0.0000000;      0.0000000;      0.0000000;      0.0000000;      0.0000000;      0.1751397;      0.1861814;      0.0016583;      0.0000000;      0.0000000;      0.0000001;      0.0000000;      0.0000385
        2010;           5;    209.3743896;     10.6590195;      0.0000000;      0.0000000;      0.0000008;      0.0000000;      0.4995356;    106.2705917;      0.0000000;      0.0000000;      0.0000000;      0.0000000;      0.0000000;      0.2517110;      0.2022969;      0.0000000;      0.0000000;      0.0000000;      0.0000001;      0.0000000;      0.0000364
        2010;           6;    209.2270966;     10.6572485;      0.0000000;      0.0000000;      0.0000009;      0.0000000;      0.4991246;    173.9158936;      0.0000000;      0.0000000;      0.0000000;      0.0000000;      0.0000000;      0.4118935;      0.2396821;      0.0000000;      0.0000000;      0.0000000;      0.0000001;      0.0000000;      0.0000356
        2010;           7;    209.2511749;     10.6572485;      0.0000000;      0.0000000;      0.0000009;      0.0000000;      0.4991282;      0.0000000;      0.0000000;      0.0000000;      0.0000000;      0.0000000;      0.0000000;      0.0000000;      0.2166687;      0.0000000;      0.0000000;      0.0000000;      0.0000001;      0.0000000;      0.0000321
        2010;           8;    209.2729340;     10.6572485;      0.0000000;      0.0000000;      0.0000009;      0.0000000;      0.4991314;      0.0000000;      0.0000000;      0.0000000;      0.0000000;      0.0000000;      0.0000000;      0.0000000;      0.1958612;      0.0000000;      0.0000000;      0.0000000;      0.0000001;      0.0000000;      0.0000289
        2010;           9;    209.2219543;     10.6565018;      0.0000000;      0.0000000;      0.0000009;      0.0000000;      0.4989596;     73.2967148;      0.0000000;      0.0000000;      0.0000000;      0.0000000;      0.0000000;      0.1735354;      0.2008738;      0.0000000;      0.0000000;      0.0000000;      0.0000001;      0.0000000;      0.0000272
        2010;          10;    209.1282501;     10.6554289;      0.0000000;      0.0000000;      0.0000009;      0.0000000;      0.4986803;    118.3793411;      0.0000000;      0.0000000;      0.0000000;      0.0000000;      0.0000000;      0.2802435;      0.2220867;      0.0011939;      0.0000000;      0.0000000;      0.0000002;      0.0000000;      0.0000265
        2010;          11;    209.0968781;     10.6550493;      0.0000000;      0.0000000;      0.0000009;      0.0000000;      0.4985499;     55.8380852;      0.0000000;      0.0000000;      0.0000000;      0.0000000;      0.0000000;      0.1321725;      0.2201757;      0.0017074;      0.0000000;      0.0000000;      0.0000002;      0.0000000;      0.0000249
        2010;          12;    209.0727997;     10.6547871;      0.0000000;      0.0000000;      0.0000010;      0.0000000;      0.4984382;     47.9274521;      0.0000000;      0.0000000;      0.0000000;      0.0000000;      0.0000000;      0.1134347;      0.2146515;      0.0020314;      0.0000000;      0.0000000;      0.0000002;      0.0000000;      0.0000232
        2011;           1;    209.0546570;     10.6546154;      0.0000000;      0.0000000;      0.0000010;      0.0000000;      0.4983425;     41.1349487;      0.0000000;      0.0000000;      0.0000000;      0.0000000;      0.0000000;      0.0973476;      0.2069218;      0.0022295;      0.0000000;      0.0000000;      0.0000002;      0.0000000;      0.0000216
        2011;           2;    209.0410919;     10.6545143;      0.0000000;      0.0000000;      0.0000010;      0.0000000;      0.4982600;     35.5666733;      0.0000000;      0.0000000;      0.0000000;      0.0000000;      0.0000000;      0.0841611;      0.1980746;      0.0023500;      0.0000000;      0.0000000;      0.0000002;      0.0000000;      0.0000200
        2011;           3;    209.0060272;     10.6542292;      0.0000000;      0.0000000;      0.0000010;      0.0000000;      0.4981262;     56.9975204;      0.0000000;      0.0000000;      0.0000000;      0.0000000;      0.0000000;      0.1348590;      0.1973308;      0.0026636;      0.0000000;      0.0000000;      0.0000001;      0.0000000;      0.0000190
        2011;           4;    208.9703827;     10.6537828;      0.0000000;      0.0000000;      0.0000010;      0.0000000;      0.4979912;     57.5016479;      0.0000000;      0.0000000;      0.0000000;      0.0000000;      0.0000000;      0.1360380;      0.1966543;      0.0012580;      0.0000000;      0.0000000;      0.0000001;      0.0000000;      0.0000180
        2011;           5;    208.9284821;     10.6531315;      0.0000000;      0.0000000;      0.0000010;      0.0000000;      0.4978409;     63.8573608;      0.0000000;      0.0000000;      0.0000000;      0.0000000;      0.0000000;      0.1510591;      0.1976632;      0.0000000;      0.0000000;      0.0000000;      0.0000001;      0.0000000;      0.0000172
        2011;           6;    208.9026337;     10.6526489;      0.0000000;      0.0000000;      0.0000010;      0.0000000;      0.4977299;     47.3568954;      0.0000000;      0.0000000;      0.0000000;      0.0000000;      0.0000000;      0.1120147;      0.1936414;      0.0000000;      0.0000000;      0.0000000;      0.0000001;      0.0000000;      0.0000163
        2011;           7;    208.9220734;     10.6526489;      0.0000000;      0.0000000;      0.0000011;      0.0000000;      0.4977316;      0.0000000;      0.0000000;      0.0000000;      0.0000000;      0.0000000;      0.0000000;      0.0000000;      0.1749524;      0.0000000;      0.0000000;      0.0000000;      0.0000001;      0.0000000;      0.0000147
        2011;           8;    208.9396362;     10.6526489;      0.0000000;      0.0000000;      0.0000011;      0.0000000;      0.4977330;      0.0000000;      0.0000000;      0.0000000;      0.0000000;      0.0000000;      0.0000000;      0.0000000;      0.1580648;      0.0000000;      0.0000000;      0.0000000;      0.0000001;      0.0000000;      0.0000132
        2011;           9;    208.9555054;     10.6526489;      0.0000000;      0.0000000;      0.0000011;      0.0000000;      0.4977343;      0.0000000;      0.0000000;      0.0000000;      0.0000000;      0.0000000;      0.0000000;      0.0000000;      0.1428052;      0.0000000;      0.0000000;      0.0000000;      0.0000001;      0.0000000;      0.0000119
        2011;          10;    208.8563232;     10.6515684;      0.0000000;      0.0000000;      0.0000011;      0.0000000;      0.4974549;    117.9115906;      0.0000000;      0.0000000;      0.0000000;      0.0000000;      0.0000000;      0.2788033;      0.1684516;      0.0011007;      0.0000000;      0.0000000;      0.0000001;      0.0000000;      0.0000127
        2011;          11;    208.8249817;     10.6512318;      0.0000000;      0.0000000;      0.0000011;      0.0000000;      0.4973365;     50.2789497;      0.0000000;      0.0000000;      0.0000000;      0.0000000;      0.0000000;      0.1188747;      0.1704171;      0.0015859;      0.0000000;      0.0000000;      0.0000001;      0.0000000;      0.0000124
        2011;          12;    208.8144073;     10.6511307;      0.0000000;      0.0000000;      0.0000011;      0.0000000;      0.4972693;     28.7543468;      0.0000000;      0.0000000;      0.0000000;      0.0000000;      0.0000000;      0.0679780;      0.1635157;      0.0017306;      0.0000000;      0.0000000;      0.0000001;      0.0000000;      0.0000116
        2012;           1;    208.7949066;     10.6509647;      0.0000000;      0.0000000;      0.0000011;      0.0000000;      0.4971818;     37.2692871;      0.0000000;      0.0000000;      0.0000000;      0.0000000;      0.0000000;      0.0881006;      0.1597953;      0.0019292;      0.0000000;      0.0000000;      0.0000001;      0.0000000;      0.0000111
        2012;           2;    208.7672272;     10.6507435;      0.0000000;      0.0000000;      0.0000012;      0.0000000;      0.4970751;     45.3229752;      0.0000000;      0.0000000;      0.0000000;      0.0000000;      0.0000000;      0.1071298;      0.1587787;      0.0021717;      0.0000000;      0.0000000;      0.0000001;      0.0000000;      0.0000107
        2012;           3;    208.7385101;     10.6505375;      0.0000000;      0.0000000;      0.0000012;      0.0000000;      0.4969659;     46.3247795;      0.0000000;      0.0000000;      0.0000000;      0.0000000;      0.0000000;      0.1094887;      0.1585293;      0.0024017;      0.0000000;      0.0000000;      0.0000001;      0.0000000;      0.0000104
        2012;           4;    208.6633301;     10.6497183;      0.0000000;      0.0000000;      0.0000012;      0.0000000;      0.4967422;     94.4861298;      0.0000000;      0.0000000;      0.0000000;      0.0000000;      0.0000000;      0.2232996;      0.1736922;      0.0013030;      0.0000000;      0.0000000;      0.0000001;      0.0000000;      0.0000110
        2012;           5;    208.5804596;     10.6486559;      0.0000000;      0.0000000;      0.0000012;      0.0000000;      0.4964958;    104.0352554;      0.0000000;      0.0000000;      0.0000000;      0.0000000;      0.0000000;      0.2458448;      0.1905272;      0.0000000;      0.0000000;      0.0000000;      0.0000001;      0.0000000;      0.0000116
        2012;           6;    208.5707245;     10.6483498;      0.0000000;      0.0000000;      0.0000012;      0.0000000;      0.4964257;     29.9571609;      0.0000000;      0.0000000;      0.0000000;      0.0000000;      0.0000000;      0.0707845;      0.1820201;      0.0000000;      0.0000000;      0.0000000;      0.0000001;      0.0000000;      0.0000109
        2012;           7;    208.5890350;     10.6483498;      0.0000000;      0.0000000;      0.0000012;      0.0000000;      0.4964268;      0.0000000;      0.0000000;      0.0000000;      0.0000000;      0.0000000;      0.0000000;      0.0000000;      0.1647701;      0.0000000;      0.0000000;      0.0000000;      0.0000001;      0.0000000;      0.0000098
        2012;           8;    208.6056061;     10.6483498;      0.0000000;      0.0000000;      0.0000012;      0.0000000;      0.4964278;      0.0000000;      0.0000000;      0.0000000;      0.0000000;      0.0000000;      0.0000000;      0.0000000;      0.1491500;      0.0000000;      0.0000000;      0.0000000;      0.0000001;      0.0000000;      0.0000088
        2012;           9;    208.6206055;     10.6483498;      0.0000000;      0.0000000;      0.0000013;      0.0000000;      0.4964287;      0.0000000;      0.0000000;      0.0000000;      0.0000000;      0.0000000;      0.0000000;      0.0000000;      0.1350061;      0.0000000;      0.0000000;      0.0000000;      0.0000001;      0.0000000;      0.0000079
        2012;          10;    208.5205688;     10.6472826;      0.0000000;      0.0000000;      0.0000013;      0.0000000;      0.4961488;    118.0528107;      0.0000000;      0.0000000;      0.0000000;      0.0000000;      0.0000000;      0.2788498;      0.1622211;      0.0012460;      0.0000000;      0.0000000;      0.0000001;      0.0000000;      0.0000092
        2012;          11;    208.4692993;     10.6467714;      0.0000000;      0.0000000;      0.0000013;      0.0000000;      0.4959829;     70.1637268;      0.0000000;      0.0000000;      0.0000000;      0.0000000;      0.0000000;      0.1657180;      0.1700135;      0.0018469;      0.0000000;      0.0000000;      0.0000001;      0.0000000;      0.0000095
        2012;          12;    208.4471741;     10.6465864;      0.0000000;      0.0000000;      0.0000013;      0.0000000;      0.4958872;     40.6602783;      0.0000000;      0.0000000;      0.0000000;      0.0000000;      0.0000000;      0.0960260;      0.1668315;      0.0020715;      0.0000000;      0.0000000;      0.0000001;      0.0000000;      0.0000092
        2013;           1;    208.4382019;     10.6465502;      0.0000000;      0.0000000;      0.0000013;      0.0000000;      0.4958248;     26.6474361;      0.0000000;      0.0000000;      0.0000000;      0.0000000;      0.0000000;      0.0629268;      0.1590426;      0.0021192;      0.0000000;      0.0000000;      0.0000001;      0.0000000;      0.0000087
        2013;           2;    208.4094238;     10.6463375;      0.0000000;      0.0000000;      0.0000013;      0.0000000;      0.4957154;     46.3813057;      0.0000000;      0.0000000;      0.0000000;      0.0000000;      0.0000000;      0.1095184;      0.1584343;      0.0023528;      0.0000000;      0.0000000;      0.0000001;      0.0000000;      0.0000086
        2013;           3;    208.3618774;     10.6459703;      0.0000000;      0.0000000;      0.0000013;      0.0000000;      0.4955598;     65.8106842;      0.0000000;      0.0000000;      0.0000000;      0.0000000;      0.0000000;      0.1553833;      0.1643991;      0.0027461;      0.0000000;      0.0000000;      0.0000001;      0.0000000;      0.0000088
        2013;           4;    208.2838440;     10.6451483;      0.0000000;      0.0000000;      0.0000014;      0.0000000;      0.4953276;     98.0856781;      0.0000000;      0.0000000;      0.0000000;      0.0000000;      0.0000000;      0.2315667;      0.1804901;      0.0016197;      0.0000000;      0.0000000;      0.0000001;      0.0000000;      0.0000096
        2013;           5;    208.2060547;     10.6441307;      0.0000000;      0.0000000;      0.0000014;      0.0000000;      0.4950920;     99.5552826;      0.0000000;      0.0000000;      0.0000000;      0.0000000;      0.0000000;      0.2350140;      0.1957991;      0.0000000;      0.0000000;      0.0000000;      0.0000001;      0.0000000;      0.0000103
        2013;           6;    208.2048340;     10.6439095;      0.0000000;      0.0000000;      0.0000014;      0.0000000;      0.4950416;     21.6474495;      0.0000000;      0.0000000;      0.0000000;      0.0000000;      0.0000000;      0.0510965;      0.1838756;      0.0000000;      0.0000000;      0.0000000;      0.0000001;      0.0000000;      0.0000096
        2013;           7;    208.2232971;     10.6439095;      0.0000000;      0.0000000;      0.0000014;      0.0000000;      0.4950426;      0.0000000;      0.0000000;      0.0000000;      0.0000000;      0.0000000;      0.0000000;      0.0000000;      0.1661956;      0.0000000;      0.0000000;      0.0000000;      0.0000001;      0.0000000;      0.0000086
        2013;           8;    208.2399902;     10.6439095;      0.0000000;      0.0000000;      0.0000014;      0.0000000;      0.4950434;      0.0000000;      0.0000000;      0.0000000;      0.0000000;      0.0000000;      0.0000000;      0.0000000;      0.1502130;      0.0000000;      0.0000000;      0.0000000;      0.0000001;      0.0000000;      0.0000078
        2013;           9;    208.1566315;     10.6428642;      0.0000000;      0.0000000;      0.0000014;      0.0000000;      0.4948013;    102.2733536;      0.0000000;      0.0000000;      0.0000000;      0.0000000;      0.0000000;      0.2413420;      0.1703394;      0.0000000;      0.0000000;      0.0000000;      0.0000001;      0.0000000;      0.0000088
        2013;          10;    208.0756226;     10.6419258;      0.0000000;      0.0000000;      0.0000014;      0.0000000;      0.4945599;    101.9781494;      0.0000000;      0.0000000;      0.0000000;      0.0000000;      0.0000000;      0.2406238;      0.1887111;      0.0009377;      0.0000000;      0.0000000;      0.0000002;      0.0000000;      0.0000097
        2013;          11;    208.0433350;     10.6415415;      0.0000000;      0.0000000;      0.0000015;      0.0000000;      0.4944344;     53.2781754;      0.0000000;      0.0000000;      0.0000000;      0.0000000;      0.0000000;      0.1257007;      0.1890305;      0.0014396;      0.0000000;      0.0000000;      0.0000002;      0.0000000;      0.0000097
        2013;          12;    208.0409241;     10.6414862;      0.0000000;      0.0000000;      0.0000015;      0.0000000;      0.4943826;     22.2291050;      0.0000000;      0.0000000;      0.0000000;      0.0000000;      0.0000000;      0.0524405;      0.1783517;      0.0015462;      0.0000000;      0.0000000;      0.0000002;      0.0000000;      0.0000091
        2014;           1;    208.0236969;     10.6413088;      0.0000000;      0.0000000;      0.0000015;      0.0000000;      0.4942969;     36.4497299;      0.0000000;      0.0000000;      0.0000000;      0.0000000;      0.0000000;      0.0859803;      0.1730185;      0.0017629;      0.0000000;      0.0000000;      0.0000002;      0.0000000;      0.0000088
        2014;           2;    208.0021210;     10.6411180;      0.0000000;      0.0000000;      0.0000015;      0.0000000;      0.4942019;     40.4041290;      0.0000000;      0.0000000;      0.0000000;      0.0000000;      0.0000000;      0.0952995;      0.1694885;      0.0019956;      0.0000000;      0.0000000;      0.0000002;      0.0000000;      0.0000086
        2014;           3;    207.9480133;     10.6406422;      0.0000000;      0.0000000;      0.0000015;      0.0000000;      0.4940276;     73.7611008;      0.0000000;      0.0000000;      0.0000000;      0.0000000;      0.0000000;      0.1739616;      0.1769416;      0.0025030;      0.0000000;      0.0000000;      0.0000001;      0.0000000;      0.0000090
        2014;           4;    207.8785400;     10.6398706;      0.0000000;      0.0000000;      0.0000015;      0.0000000;      0.4938138;     90.4768982;      0.0000000;      0.0000000;      0.0000000;      0.0000000;      0.0000000;      0.2133650;      0.1889263;      0.0013930;      0.0000000;      0.0000000;      0.0000001;      0.0000000;      0.0000096
        2014;           5;    207.7422333;     10.6382217;      0.0000000;      0.0000000;      0.0000016;      0.0000000;      0.4934325;    161.0524292;      0.0000000;      0.0000000;      0.0000000;      0.0000000;      0.0000000;      0.3797604;      0.2227748;      0.0000000;      0.0000000;      0.0000000;      0.0000002;      0.0000000;      0.0000112
        2014;           6;    207.7646027;     10.6382217;      0.0000000;      0.0000000;      0.0000016;      0.0000000;      0.4934336;      0.0000000;      0.0000000;      0.0000000;      0.0000000;      0.0000000;      0.0000000;      0.0000000;      0.2012699;      0.0000000;      0.0000000;      0.0000000;      0.0000001;      0.0000000;      0.0000101
        2014;           7;    207.7848053;     10.6382217;      0.0000000;      0.0000000;      0.0000016;      0.0000000;      0.4934346;      0.0000000;      0.0000000;      0.0000000;      0.0000000;      0.0000000;      0.0000000;      0.0000000;      0.1818382;      0.0000000;      0.0000000;      0.0000000;      0.0000001;      0.0000000;      0.0000091
        2014;           8;    207.8030548;     10.6382217;      0.0000000;      0.0000000;      0.0000016;      0.0000000;      0.4934355;      0.0000000;      0.0000000;      0.0000000;      0.0000000;      0.0000000;      0.0000000;      0.0000000;      0.1642801;      0.0000000;      0.0000000;      0.0000000;      0.0000001;      0.0000000;      0.0000082
        2014;           9;    207.8190765;     10.6382170;      0.0000000;      0.0000000;      0.0000016;      0.0000000;      0.4934352;      0.5024103;      0.0000000;      0.0000000;      0.0000000;      0.0000000;      0.0000000;      0.0011842;      0.1487737;      0.0000000;      0.0000000;      0.0000000;      0.0000001;      0.0000000;      0.0000074
        2014;          10;    207.6673584;     10.6366434;      0.0000000;      0.0000000;      0.0000016;      0.0000000;      0.4930252;    173.1328888;      0.0000000;      0.0000000;      0.0000000;      0.0000000;      0.0000000;      0.4080482;      0.1927358;      0.0017951;      0.0000000;      0.0000000;      0.0000002;      0.0000000;      0.0000096
        2014;          11;    207.6314240;     10.6363049;      0.0000000;      0.0000000;      0.0000017;      0.0000000;      0.4928897;     57.5173187;      0.0000000;      0.0000000;      0.0000000;      0.0000000;      0.0000000;      0.1355459;      0.1941172;      0.0022574;      0.0000000;      0.0000000;      0.0000002;      0.0000000;      0.0000097
        2014;          12;    207.6016083;     10.6360645;      0.0000000;      0.0000000;      0.0000017;      0.0000000;      0.4927693;     51.1791077;      0.0000000;      0.0000000;      0.0000000;      0.0000000;      0.0000000;      0.1205969;      0.1922634;      0.0025601;      0.0000000;      0.0000000;      0.0000002;      0.0000000;      0.0000096
        2015;           1;    207.5740662;     10.6358747;      0.0000000;      0.0000000;      0.0000017;      0.0000000;      0.4926551;     48.5544777;      0.0000000;      0.0000000;      0.0000000;      0.0000000;      0.0000000;      0.1144006;      0.1890725;      0.0027735;      0.0000000;      0.0000000;      0.0000002;      0.0000000;      0.0000094
        2015;           2;    207.5230255;     10.6354876;      0.0000000;      0.0000000;      0.0000017;      0.0000000;      0.4924837;     72.6356201;      0.0000000;      0.0000000;      0.0000000;      0.0000000;      0.0000000;      0.1711218;      0.1943575;      0.0032162;      0.0000000;      0.0000000;      0.0000002;      0.0000000;      0.0000097
        2015;           3;    207.4598389;     10.6350212;      0.0000000;      0.0000000;      0.0000017;      0.0000000;      0.4922813;     85.7711792;      0.0000000;      0.0000000;      0.0000000;      0.0000000;      0.0000000;      0.2020471;      0.2032183;      0.0037189;      0.0000000;      0.0000000;      0.0000002;      0.0000000;      0.0000101
        2015;           4;    207.4065857;     10.6344900;      0.0000000;      0.0000000;      0.0000017;      0.0000000;      0.4921012;     76.3862457;      0.0000000;      0.0000000;      0.0000000;      0.0000000;      0.0000000;      0.1799201;      0.2081286;      0.0022673;      0.0000000;      0.0000000;      0.0000001;      0.0000000;      0.0000104
        2015;           5;    207.4274597;     10.6344900;      0.0000000;      0.0000000;      0.0000018;      0.0000000;      0.4921023;      0.0000000;      0.0000000;      0.0000000;      0.0000000;      0.0000000;      0.0000000;      0.0000000;      0.1878601;      0.0000000;      0.0000000;      0.0000000;      0.0000001;      0.0000000;      0.0000093
        2015;           6;    207.4463043;     10.6344900;      0.0000000;      0.0000000;      0.0000018;      0.0000000;      0.4921032;      0.0000000;      0.0000000;      0.0000000;      0.0000000;      0.0000000;      0.0000000;      0.0000000;      0.1695639;      0.0000000;      0.0000000;      0.0000000;      0.0000001;      0.0000000;      0.0000084
        2015;           7;    207.4633026;     10.6344900;      0.0000000;      0.0000000;      0.0000018;      0.0000000;      0.4921040;      0.0000000;      0.0000000;      0.0000000;      0.0000000;      0.0000000;      0.0000000;      0.0000000;      0.1530484;      0.0000000;      0.0000000;      0.0000000;      0.0000001;      0.0000000;      0.0000076
        2015;           8;    207.4786530;     10.6344900;      0.0000000;      0.0000000;      0.0000018;      0.0000000;      0.4921048;      0.0000000;      0.0000000;      0.0000000;      0.0000000;      0.0000000;      0.0000000;      0.0000000;      0.1381404;      0.0000000;      0.0000000;      0.0000000;      0.0000001;      0.0000000;      0.0000068
        2015;           9;    207.4925079;     10.6344900;      0.0000000;      0.0000000;      0.0000018;      0.0000000;      0.4921055;      0.0000000;      0.0000000;      0.0000000;      0.0000000;      0.0000000;      0.0000000;      0.0000000;      0.1246835;      0.0000000;      0.0000000;      0.0000000;      0.0000001;      0.0000000;      0.0000061
        2015;          10;    207.4786530;     10.6342354;      0.0000000;      0.0000000;      0.0000018;      0.0000000;      0.4920409;     27.4982014;      0.0000000;      0.0000000;      0.0000000;      0.0000000;      0.0000000;      0.0647357;      0.1228193;      0.0002470;      0.0000000;      0.0000000;      0.0000001;      0.0000000;      0.0000060
        2015;          11;    207.4460907;     10.6338425;      0.0000000;      0.0000000;      0.0000018;      0.0000000;      0.4919306;     46.8134918;      0.0000000;      0.0000000;      0.0000000;      0.0000000;      0.0000000;      0.1102002;      0.1282137;      0.0007853;      0.0000000;      0.0000000;      0.0000001;      0.0000000;      0.0000063
        2015;          12;    207.4138336;     10.6334944;      0.0000000;      0.0000000;      0.0000019;      0.0000000;      0.4918202;     46.8745003;      0.0000000;      0.0000000;      0.0000000;      0.0000000;      0.0000000;      0.1103363;      0.1315859;      0.0011952;      0.0000000;      0.0000000;      0.0000001;      0.0000000;      0.0000065
